lastAccountName: mumu
timestamps:
  login: 1585230806461
  lastteleport: 1585230494299
  logout: 1585238366235
ipAddress: 117.188.169.47
godmode: false
lastlocation:
  world: world
  x: -88.79398601870791
  y: 111.38632483295594
  z: -9.90710986892224
  yaw: 254.8562
  pitch: 11.399895
logoutlocation:
  world: world_new
  x: 449.31284193834273
  y: 96.61491595010844
  z: -130.35807924046009
  yaw: 318.91156
  pitch: 23.850124
afk: false
