lastAccountName: mumu
timestamps:
  login: 1586003097108
  lastteleport: 1585743776388
  logout: 1585934894368
  kits:
    tools: 1585840272456
ipAddress: 117.188.170.178
godmode: false
lastlocation:
  world: world_new
  x: 421.3566660823068
  y: 63.5
  z: -62.80788746477073
  yaw: 251.95276
  pitch: 9.59995
logoutlocation:
  world: world_new
  x: 476.27444134122345
  y: 64.0
  z: -130.2738993106156
  yaw: 257.50623
  pitch: 32.699917
afk: false
homes:
  home:
    world: world_new
    x: 420.5
    y: 68.0
    z: -55.5
    yaw: -219.60007
    pitch: 17.099987
