lastAccountName: mumu
timestamps:
  login: 1585828112632
  lastteleport: 1585743776388
  logout: 1585757148539
ipAddress: 117.188.181.141
godmode: false
lastlocation:
  world: world_valley_of_battle
  x: 261.8170287202478
  y: 22.0
  z: 744.7859831458109
  yaw: -156.74527
  pitch: 12.150588
logoutlocation:
  world: world_valley_of_battle
  x: 109.64507054821314
  y: 30.5
  z: 705.3050043740067
  yaw: 221.5585
  pitch: 21.450119
afk: false
homes:
  home:
    world: world_new
    x: 420.5
    y: 68.0
    z: -55.5
    yaw: -219.60007
    pitch: 17.099987
