lastAccountName: mumu
timestamps:
  login: 1586003097108
  lastteleport: 1585743776388
  logout: 1585934894368
  kits:
    tools: 1585840272456
ipAddress: 117.188.170.178
godmode: false
lastlocation:
  world: world_new
  x: 373.3025510165105
  y: 49.0
  z: -98.67296682873256
  yaw: -355.99255
  pitch: 1.0498592
logoutlocation:
  world: world_new
  x: 476.27444134122345
  y: 64.0
  z: -130.2738993106156
  yaw: 257.50623
  pitch: 32.699917
afk: false
homes:
  home:
    world: world_new
    x: 420.5
    y: 68.0
    z: -55.5
    yaw: -219.60007
    pitch: 17.099987
