lastAccountName: mumu
timestamps:
  login: 1586010993871
  lastteleport: 1586011045892
  logout: 1586012919256
  kits:
    tools: 1585840272456
ipAddress: 117.188.170.178
godmode: true
lastlocation:
  world: world_new
  x: 381.51249998807907
  y: 60.200000047683716
  z: -100.0650066347766
  yaw: -64.18463
  pitch: 19.34946
logoutlocation:
  world: world_new
  x: 430.0599757888982
  y: 74.7582858275698
  z: -69.93470285835484
  yaw: 142.24847
  pitch: 6.449638
afk: false
homes:
  home:
    world: world_new
    x: 420.5
    y: 68.0
    z: -55.5
    yaw: -219.60007
    pitch: 17.099987
