lastAccountName: Sobrem
timestamps:
  login: 1586004679385
  logout: 1585987183514
  lastteleport: 1586005121569
ipAddress: 106.113.94.124
logoutlocation:
  world: world
  x: -70.59689453746658
  y: 75.0
  z: 66.14886185907895
  yaw: 334.59497
  pitch: 14.849941
lastlocation:
  world: world_new
  x: 415.0126123435375
  y: 71.0
  z: -104.51021710147879
  yaw: 13.215149
  pitch: 21.449913
godmode: true
afk: false
