lastAccountName: Sobrem
timestamps:
  login: 1586011012826
  logout: 1586011196561
  lastteleport: 1586010686459
ipAddress: 106.113.94.124
logoutlocation:
  world: world_new
  x: 440.38872272939943
  y: 71.0
  z: -82.78760900559752
  yaw: -1.8000154
  pitch: -6.300022
lastlocation:
  world: world_new
  x: 460.9617981292425
  y: 66.0
  z: -158.4025417103274
  yaw: 294.74786
  pitch: 23.550165
godmode: false
afk: false
