lastAccountName: Sobrem
timestamps:
  login: 1586002173267
  logout: 1585987183514
ipAddress: 106.113.94.124
logoutlocation:
  world: world
  x: -70.59689453746658
  y: 75.0
  z: 66.14886185907895
  yaw: 334.59497
  pitch: 14.849941
lastlocation:
  world: world_new
  x: 420.96781251334187
  y: 63.0
  z: -82.85771367610175
  yaw: 356.9712
  pitch: -0.4501287
godmode: true
afk: false
