lastAccountName: hyacinth
timestamps:
  login: 1586004705485
  logout: 1586003466968
  lastteleport: 1586005249229
ipAddress: 183.225.39.214
logoutlocation:
  world: world_new
  x: 418.34183013407414
  y: 68.0
  z: -49.88350259196436
  yaw: -352.49945
  pitch: 11.84996
lastlocation:
  world: world_new
  x: 399.34321645848263
  y: 64.0
  z: -73.03173222387832
  yaw: -148.78548
  pitch: 6.1499987
godmode: true
afk: false
