lastAccountName: hyacinth
timestamps:
  login: 1585922980142
  logout: 1585921936571
  lastteleport: 1585923000873
ipAddress: 183.225.39.214
logoutlocation:
  world: world_new
  x: 434.11331400770524
  y: 86.56946921265354
  z: -146.50174757865076
  yaw: -173.24986
  pitch: 14.100059
lastlocation:
  world: world_new
  x: 395.81724544104446
  y: 65.0
  z: -113.20026683679701
  yaw: -0.14968872
  pitch: 31.050034
godmode: true
afk: false
