lastAccountName: hyacinth
timestamps:
  login: 1585236387168
  logout: 1585235942434
  lastteleport: 1585238257920
ipAddress: 183.225.40.113
logoutlocation:
  world: world_circle2
  x: 190.14101041085559
  y: 185.0
  z: -525.822736841411
  yaw: 66.6301
  pitch: 16.799889
lastlocation:
  world: world_circle2
  x: 188.86273178774059
  y: 138.03378699387883
  z: -506.4541652984957
  yaw: 193.97998
  pitch: 15.300055
godmode: true
afk: false
