lastAccountName: hyacinth
timestamps:
  login: 1585147829365
  logout: 1585145225922
  lastteleport: 1585067379284
ipAddress: 183.225.40.113
logoutlocation:
  world: world
  x: 203.76210746488843
  y: 185.0
  z: -528.7052546165321
  yaw: -266.69415
  pitch: 23.399965
lastlocation:
  world: world
  x: 148.7671645817606
  y: 78.0
  z: -475.15095060542274
  yaw: 126.750015
  pitch: 16.649979
godmode: true
afk: false
