lastAccountName: hyacinth
timestamps:
  login: 1584643566519
  logout: 1584643808553
ipAddress: 183.225.40.86
logoutlocation:
  world: world
  x: -40.923795292193866
  y: 69.0
  z: -240.7673406076796
  yaw: -127.01479
  pitch: 33.749947
