lastAccountName: hyacinth
timestamps:
  login: 1585742949899
  logout: 1585757962986
  lastteleport: 1585756561740
ipAddress: 183.225.39.214
logoutlocation:
  world: world_valley_of_battle
  x: 372.5081526821582
  y: 51.0
  z: 774.4423553423185
  yaw: 57.003296
  pitch: 41.849876
lastlocation:
  world: world_valley_of_battle
  x: 102.58441017705726
  y: 31.0
  z: 755.3556766976159
  yaw: 25.357872
  pitch: 9.151003
godmode: true
afk: false
