lastAccountName: hyacinth
timestamps:
  login: 1586012280011
  logout: 1586012653158
  lastteleport: 1586012515693
ipAddress: 183.225.39.214
logoutlocation:
  world: world_new
  x: 394.210076917385
  y: 87.49971086751451
  z: -104.5943204620575
  yaw: 304.3203
  pitch: 11.54938
lastlocation:
  world: world_valley_of_battle
  x: 382.91838587631753
  y: 65.03945607417671
  z: 755.067481335467
  yaw: -106.210045
  pitch: 9.74996
godmode: true
afk: false
