lastAccountName: hyacinth
timestamps:
  login: 1586002226144
  logout: 1585966895467
  lastteleport: 1586002330694
ipAddress: 183.225.39.214
logoutlocation:
  world: world_valley_of_battle
  x: 235.72406033967056
  y: 88.53491123074161
  z: 735.7247535391912
  yaw: 102.29923
  pitch: 75.45004
lastlocation:
  world: world_new
  x: 429.47100046573405
  y: 64.0
  z: -66.37307182704339
  yaw: -80.70023
  pitch: 42.150047
godmode: true
afk: false
