lastAccountName: hyacinth
timestamps:
  login: 1586003836234
  logout: 1586003466968
  lastteleport: 1586002330694
ipAddress: 183.225.39.214
logoutlocation:
  world: world_new
  x: 418.34183013407414
  y: 68.0
  z: -49.88350259196436
  yaw: -352.49945
  pitch: 11.84996
lastlocation:
  world: world_new
  x: 429.47100046573405
  y: 64.0
  z: -66.37307182704339
  yaw: -80.70023
  pitch: 42.150047
godmode: true
afk: false
