lastAccountName: purple1
timestamps:
  login: 1586003728370
ipAddress: 61.243.47.17
lastlocation:
  world: world_new
  x: 427.6033704661607
  y: 63.5
  z: -63.00594503876599
  yaw: 44.127747
  pitch: 21.30028
