lastAccountName: purple1
timestamps:
  login: 1586004676339
  lastteleport: 1586005355488
ipAddress: 61.243.47.17
lastlocation:
  world: world_new
  x: 401.62314905706984
  y: 68.0
  z: -57.7799405673936
  yaw: 359.8601
  pitch: 4.8000336
