lastAccountName: purple1
timestamps:
  login: 1586004676339
  lastteleport: 1586010430982
ipAddress: 61.243.47.17
lastlocation:
  world: world_valley_of_battle
  x: 246.93389236615852
  y: -118.33759786320624
  z: 728.7784411086748
  yaw: 182.5517
  pitch: 53.25011
