lastAccountName: linsun
timestamps:
  login: 1585832833286
  logout: 1585833157122
ipAddress: 117.188.181.141
logoutlocation:
  world: world_new
  x: 324.6700487360395
  y: 64.0
  z: -49.841675115009195
  yaw: -28.646973
  pitch: 13.199739
lastlocation:
  world: world_new
  x: 393.15527914296763
  y: 64.0
  z: -95.55304984850609
  yaw: 355.64185
  pitch: 8.400089
