lastAccountName: linsun
timestamps:
  login: 1585757843968
  logout: 1585757945585
ipAddress: 117.188.187.144
logoutlocation:
  world: world
  x: -15.580613227203939
  y: 80.0
  z: 37.98295665429478
  yaw: 157.51642
  pitch: 6.4499817
