lastAccountName: azmmmm
timestamps:
  login: 1585064548590
  logout: 1585064542770
  lastteleport: 1585064202649
ipAddress: 113.13.100.209
afk: false
logoutlocation:
  world: world
  x: 121.37136955018843
  y: 80.0
  z: -471.30000001192093
  yaw: 83.85919
  pitch: 28.200016
lastlocation:
  world: world
  x: 154.6054652011406
  y: 96.0
  z: -461.26766900007794
  yaw: -291.45108
  pitch: 28.800163
