lastAccountName: azmmmm
timestamps:
  login: 1584630904484
  logout: 1584631610737
ipAddress: 113.13.100.209
afk: false
logoutlocation:
  world: world
  x: -15.86883917970259
  y: 103.86813611450813
  z: -261.88970514815026
  yaw: -70.95119
  pitch: -7.950149
