lastAccountName: azmmmm
timestamps:
  login: 1586001643563
  logout: 1585975745166
  lastteleport: 1586002894342
  kits:
    firework: 1585839185022
    color: 1585839195598
    notch: 1585839126573
    dtools: 1585839168356
ipAddress: 125.73.88.242
afk: false
logoutlocation:
  world: world_new
  x: 375.47337182872366
  y: 58.0
  z: -101.39409388652298
  yaw: 43.7594
  pitch: 54.900867
lastlocation:
  world: world_new
  x: 441.0921667067842
  y: 64.0
  z: -88.30000001192093
  yaw: 60.713867
  pitch: 44.099697
homes:
  home:
    world: world_new
    x: 378.0964922352432
    y: 58.125
    z: -98.06050530473284
    yaw: 15.857727
    pitch: 22.50071
