lastAccountName: azmmmm
timestamps:
  login: 1585231535626
  logout: 1585149495970
  lastteleport: 1585238179737
ipAddress: 125.73.90.58
afk: false
logoutlocation:
  world: world
  x: 82.28939231443313
  y: 87.0
  z: -59.63411797625288
  yaw: 111.17789
  pitch: -3.4497428
lastlocation:
  world: world_circle2
  x: 207.53355586070023
  y: 187.0
  z: -524.2381904467827
  yaw: 136.32837
  pitch: 29.099419
