lastAccountName: azmmmm
timestamps:
  login: 1585839147502
  logout: 1585839340570
  lastteleport: 1585838788227
  kits:
    firework: 1585839185022
    color: 1585839195598
    notch: 1585839126573
    dtools: 1585839168356
ipAddress: 125.73.88.242
afk: false
logoutlocation:
  world: world_new
  x: 374.45424929233536
  y: 59.0
  z: -98.94631663406467
  yaw: 295.90887
  pitch: 32.249805
lastlocation:
  world: world_new
  x: 403.97311049864305
  y: 68.0
  z: -57.868393423148014
  yaw: 183.26443
  pitch: 37.5006
homes:
  home:
    world: world_new
    x: 378.0964922352432
    y: 58.125
    z: -98.06050530473284
    yaw: 15.857727
    pitch: 22.50071
