lastAccountName: azmmmm
timestamps:
  login: 1585147284329
  logout: 1585147093377
  lastteleport: 1585146206342
ipAddress: 125.73.90.58
afk: false
logoutlocation:
  world: world
  x: 218.64452138032019
  y: 185.0
  z: -519.3125881465206
  yaw: -177.89557
  pitch: 18.899876
lastlocation:
  world: world
  x: 20.189598558713023
  y: 87.0
  z: -22.546183402909534
  yaw: 347.56873
  pitch: 63.900467
