lastAccountName: azmmmm
timestamps:
  login: 1585751557772
  logout: 1585757367586
  lastteleport: 1585756207124
ipAddress: 125.73.88.242
afk: false
logoutlocation:
  world: world_new
  x: 396.7895382796746
  y: 65.0
  z: -98.48104623788295
  yaw: -74.552055
  pitch: 70.199844
lastlocation:
  world: world_valley_of_battle
  x: 142.10206731322262
  y: 49.11158504176169
  z: 802.8518976690339
  yaw: -128.09503
  pitch: -40.949066
homes:
  home:
    world: world_new
    x: 378.0964922352432
    y: 58.125
    z: -98.06050530473284
    yaw: 15.857727
    pitch: 22.50071
