lastAccountName: azmmmm
timestamps:
  login: 1586013455582
  logout: 1586013572075
  lastteleport: 1586012084776
  kits:
    firework: 1585839185022
    color: 1585839195598
    notch: 1585839126573
    dtools: 1585839168356
ipAddress: 125.73.88.242
afk: false
logoutlocation:
  world: world_new
  x: 427.23750001192093
  y: 63.0
  z: -82.69470778410385
  yaw: 108.96562
  pitch: 18.749876
lastlocation:
  world: world_new
  x: 418.37623073440506
  y: 63.0
  z: -85.69999998807907
  yaw: 178.36818
  pitch: 37.799713
homes:
  home:
    world: world_new
    x: 378.0964922352432
    y: 58.125
    z: -98.06050530473284
    yaw: 15.857727
    pitch: 22.50071
