world: world_new
x: 372.7228800348507
y: 31.0
z: -102.22908636089176
yaw: 124.75751
pitch: 36.60052
name: azmmmm
lastowner: e1a0ea50-2ea6-3f26-ae51-0439cce8fe4c
