world: world_valley_of_battle
x: 232.23973703424312
y: 2.0
z: 734.1667651876903
yaw: 163.9431
pitch: 13.649941
name: console2
lastowner: a62f4e98-03f1-3fd2-88e7-2a59b85a8138
