world: world_new
x: 372.4709942799742
y: 58.0
z: -90.45490040775238
yaw: -0.34070253
pitch: 11.550785
name: controlroom
lastowner: e1a0ea50-2ea6-3f26-ae51-0439cce8fe4c
