world: world_new
x: 419.1853401418266
y: 71.0625
z: -102.8891398400027
yaw: 286.66455
pitch: 19.499994
name: team1
lastowner: e1a0ea50-2ea6-3f26-ae51-0439cce8fe4c
