world: world_new
x: 421.27574942282183
y: 65.0
z: -107.06043811293218
yaw: 89.51361
pitch: 29.099743
name: team6
lastowner: e1a0ea50-2ea6-3f26-ae51-0439cce8fe4c
