world: world_new
x: 437.04735888659405
y: 71.0625
z: -90.58650145434491
yaw: 77.55322
pitch: 27.448439
name: team3
lastowner: e1a0ea50-2ea6-3f26-ae51-0439cce8fe4c
