world: world_new
x: 446.5695768449153
y: 71.0625
z: -91.65431587133489
yaw: 173.53778
pitch: 28.49853
name: team4
lastowner: e1a0ea50-2ea6-3f26-ae51-0439cce8fe4c
