world: world_new
x: 440.51714394651555
y: 64.0
z: -88.88032816983552
yaw: 94.014046
pitch: 11.699748
name: team7
lastowner: e1a0ea50-2ea6-3f26-ae51-0439cce8fe4c
