world: world_new
x: 416.52171823908986
y: 71.0
z: -91.4018991136224
yaw: 174.76872
pitch: 8.398952
name: team2
lastowner: e1a0ea50-2ea6-3f26-ae51-0439cce8fe4c
