world: world_new
x: 397.4283334371817
y: 70.0
z: -110.60122583448214
yaw: 100.61791
pitch: 30.449177
name: team5
lastowner: e1a0ea50-2ea6-3f26-ae51-0439cce8fe4c
