world: world_new
x: 418.87142266325003
y: 65.0
z: -89.51006343616008
yaw: 1.1639099
pitch: 17.849396
name: team8
lastowner: e1a0ea50-2ea6-3f26-ae51-0439cce8fe4c
