world: world_valley_of_battle
x: 252.46022591542152
y: 22.0
z: 729.5191720888013
yaw: 44.69026
pitch: 14.399978
name: world2center
lastowner: a62f4e98-03f1-3fd2-88e7-2a59b85a8138
