world: world_valley_of_battle
x: 262.9018954768907
y: 20.0
z: 736.7639197434899
yaw: 41.989998
pitch: 16.049994
name: world2
lastowner: a62f4e98-03f1-3fd2-88e7-2a59b85a8138
